1000 5000
4 295 16
139 957 24
448 934 75
63 564 -75
821 885 -18
35 40 0
879 991 -97
329 748 -36
254 623 -72
197 210 -91
319 483 9
382 385 29
205 600 -32
433 635 -8
506 775 98
736 834 76
101 989 71
215 649 -58
168 886 -76
553 758 -35
368 710 4
153 966 -59
471 558 0
129 293 -15
88 581 -34
93 302 -11
240 260 4
393 997 72
112 329 52
294 312 -42
343 870 24
823 940 -98
33 379 -82
125 694 18
376 933 51
120 524 -38
92 204 46
389 755 65
83 442 -89
340 381 6
372 641 91
335 362 -34
89 186 99
61 591 -90
34 989 13
377 431 -63
605 872 62
21 944 -62
506 661 -13
220 448 65
217 986 19
362 807 9
350 423 79
95 853 35
51 898 27
42 270 59
525 548 -28
324 594 -77
349 810 -54
16 710 -59
439 491 -87
23 937 -18
46 272 -31
343 439 22
219 803 -55
234 396 -2
557 934 76
37 925 -5
879 894 56
75 916 5
472 838 -79
254 532 -47
289 847 59
236 756 16
623 624 -93
750 868 -21
177 527 21
402 716 61
655 862 -49
917 994 -12
192 224 -29
347 460 -25
321 371 36
121 310 -21
644 837 99
262 397 -98
475 500 -12
493 978 -46
76 553 82
609 774 46
735 979 -84
45 307 -50
302 451 83
712 935 99
434 565 -27
226 542 62
653 945 -57
256 905 23
561 990 37
489 867 17
402 939 64
316 688 -38
818 880 -98
43 361 -18
658 676 24
283 401 48
187 961 -9
675 979 -45
562 732 -17
856 877 -39
25 938 -80
99 651 12
126 290 72
690 722 31
393 908 75
173 371 -49
567 734 20
412 774 69
702 951 15
49 328 -62
617 935 33
656 965 -6
134 357 99
306 449 -81
54 367 4
774 818 -88
504 724 -21
184 936 50
584 870 9
116 901 -43
250 344 -87
144 221 -49
275 354 1
127 643 -13
146 887 -78
681 822 -80
290 616 19
64 757 76
164 759 64
737 914 -15
118 267 -5
119 760 -46
5 977 85
418 657 -67
140 707 -87
203 616 -20
437 780 65
350 682 29
35 151 11
11 153 -17
455 987 33
553 872 15
55 692 44
671 917 9
353 476 68
509 898 -20
732 932 71
141 742 -43
596 629 -23
533 991 0
45 197 -21
84 113 -19
240 559 -17
137 538 28
621 700 -6
502 840 -42
130 518 -57
58 508 90
606 764 22
542 847 -33
403 782 74
292 603 41
248 654 25
420 750 -31
937 941 44
350 835 -99
22 599 -71
557 563 53
728 959 65
331 359 61
139 606 -28
559 813 -89
753 886 -42
342 721 -8
433 715 -18
372 989 24
100 642 96
710 1000 -16
849 946 -15
110 305 4
190 599 67
77 940 83
103 861 -34
311 474 -95
304 345 -5
406 823 10
120 626 -63
321 930 93
462 919 -32
17 890 15
202 471 49
512 746 -68
442 926 -20
100 432 -52
409 816 -50
136 945 -61
758 894 -16
184 262 99
49 386 -27
146 248 -15
173 236 -85
19 238 94
346 405 -17
631 642 -98
267 876 48
200 450 -20
248 600 83
847 851 83
86 469 -43
706 838 -83
353 535 54
653 983 25
26 919 46
577 920 -6
519 990 21
192 605 -36
380 426 -32
569 616 44
299 968 30
303 909 -11
210 934 -92
199 481 38
540 960 -16
453 916 -58
92 184 75
59 120 -6
190 419 -79
98 543 -45
753 938 -92
488 931 -83
242 300 56
104 467 -1
377 558 -42
497 949 -94
26 490 -38
569 984 -69
214 273 4
489 497 85
140 894 98
713 801 81
529 624 -37
584 925 42
610 982 52
317 322 1
106 887 0
839 946 72
71 84 80
223 562 17
538 655 27
591 771 26
104 579 80
252 282 -12
387 766 -72
345 604 -69
768 802 34
604 715 92
221 258 64
343 644 98
222 479 68
112 634 -15
188 399 82
304 885 43
105 930 -92
86 533 -22
306 839 41
482 741 96
365 571 -32
350 548 32
67 87 -52
197 722 73
126 967 -47
52 122 -52
494 961 7
586 856 -48
81 220 42
75 628 -20
493 826 36
11 22 -90
738 977 60
13 860 87
147 859 64
2 814 -3
846 894 45
272 867 39
692 976 -28
71 338 14
161 776 44
140 484 42
507 982 -93
97 320 7
295 753 90
82 971 33
57 362 -77
433 993 -11
120 457 -15
292 858 8
515 850 52
95 620 61
95 176 3
681 808 29
673 742 35
550 851 -2
11 60 13
412 722 -62
467 588 -56
170 561 0
104 616 -70
1 784 -14
94 902 -51
706 753 34
301 716 -38
374 453 -91
200 919 -71
372 721 17
475 589 57
124 589 69
26 74 75
779 862 -92
162 232 -24
36 768 -47
319 719 -36
55 90 25
484 643 -24
647 959 15
291 720 12
406 504 43
21 989 99
47 140 -29
117 819 48
575 873 -20
410 998 96
644 712 -3
168 354 -11
556 925 -73
426 928 -40
322 824 -76
140 726 97
619 652 -25
968 974 -31
37 187 24
355 888 -98
443 472 95
536 897 -88
665 857 -60
158 742 -59
128 238 -56
211 641 8
85 827 -88
587 973 -11
59 707 -88
277 594 26
39 293 -97
197 510 78
288 747 -22
531 928 55
897 968 38
450 483 -57
508 546 -99
174 226 -1
52 265 -52
561 983 -87
270 962 -66
523 845 54
293 419 -2
94 160 -45
345 706 -52
306 922 96
357 901 -49
190 884 -26
151 894 -53
708 768 57
260 352 -89
287 420 -96
449 983 -6
106 756 -93
144 656 -82
362 685 -95
255 449 33
508 691 -10
52 951 2
691 699 -45
499 904 28
659 723 -17
218 853 4
214 600 39
400 973 -44
455 664 64
419 858 34
469 532 -72
435 853 22
340 575 59
544 964 -96
189 916 -27
161 472 73
278 690 88
109 475 -86
358 959 -95
812 818 37
349 509 -33
664 982 -60
89 170 -45
819 912 5
508 647 76
63 473 -96
374 792 -74
564 961 -25
859 912 -20
682 841 5
103 122 -91
273 550 73
196 602 99
17 348 49
176 491 -77
91 255 18
114 792 80
138 825 18
240 711 81
608 612 -42
94 209 -77
380 441 -17
555 947 32
554 652 -50
631 795 -75
694 768 -15
404 949 -69
513 556 -24
703 958 -92
363 434 80
661 766 36
688 769 -31
318 907 32
800 953 43
314 748 74
178 599 -19
464 653 84
178 918 -25
114 683 -3
801 988 -64
246 897 55
696 999 -5
312 332 -97
869 930 -75
333 860 71
149 777 -51
263 808 -12
147 977 32
88 873 93
87 551 14
812 882 -38
214 681 -96
425 469 73
278 617 -15
85 329 -93
305 826 73
267 914 0
515 817 0
327 691 -60
256 957 -70
425 596 85
225 301 -71
565 629 38
391 513 66
131 967 58
811 834 44
854 857 -17
240 814 40
78 187 82
379 607 -19
523 611 -95
475 514 -19
630 833 51
441 549 76
694 757 53
247 285 -11
324 846 85
658 804 -64
268 760 90
274 863 97
602 844 22
150 299 76
344 683 27
691 929 1
740 888 5
70 397 69
181 312 8
158 526 62
385 759 4
683 934 17
616 697 56
159 739 46
250 804 20
742 873 12
406 473 -10
630 826 -51
210 657 -99
590 869 -21
565 979 -99
246 489 80
50 301 34
43 99 30
571 594 29
382 419 91
390 644 -23
198 512 -86
176 986 30
11 583 52
664 839 57
288 937 -56
233 586 -9
54 319 30
206 697 89
276 403 87
613 719 44
49 81 30
140 887 -52
9 780 80
443 947 -14
645 848 76
202 418 -54
46 795 33
513 831 -56
88 879 40
545 579 39
906 973 21
415 736 19
380 496 -56
266 963 -36
423 757 -19
253 877 -17
310 316 47
188 854 -3
160 325 13
60 134 -38
47 981 22
9 260 55
34 876 37
104 655 -67
368 964 11
907 915 79
239 594 42
233 727 -39
163 279 -4
422 860 -55
87 494 43
500 563 7
272 930 84
538 616 -52
209 947 -77
179 218 -45
380 650 -95
851 861 58
696 754 88
316 449 10
347 720 -32
686 962 -36
515 632 -8
506 732 -18
66 507 14
269 925 18
507 678 -10
307 873 89
23 219 -86
60 723 -2
237 863 52
369 824 -81
748 889 -93
612 672 -72
335 471 -93
560 635 54
141 657 9
215 364 58
227 963 -22
257 786 -20
4 767 34
7 378 27
421 694 -24
131 408 81
623 692 -31
407 890 -39
763 852 30
19 752 15
518 550 -48
777 909 94
71 549 5
553 587 -71
503 630 -10
651 744 -20
765 952 -35
55 951 55
501 557 -69
616 685 -61
38 567 40
153 264 -15
118 127 -70
129 191 -58
447 494 74
182 749 -70
738 993 8
608 722 6
288 547 -86
162 703 -26
97 181 -42
1 639 0
227 799 79
408 503 95
157 495 18
230 925 98
38 823 61
92 940 13
388 456 31
132 809 -57
190 710 -53
302 692 65
458 885 -90
90 809 7
479 569 14
229 860 -92
36 124 72
607 782 50
956 971 35
102 257 50
542 986 4
12 983 -24
40 933 81
574 620 -38
49 663 -2
444 653 -21
457 960 -79
331 558 -81
224 738 88
113 750 17
504 751 -72
676 863 81
525 684 -29
51 688 -86
218 859 -14
849 900 -62
351 586 -79
464 697 -67
447 841 93
55 627 96
662 926 -51
328 338 -98
555 914 -6
762 969 -28
609 672 -33
401 657 4
593 950 28
126 928 -78
51 830 -88
167 988 -68
253 575 78
808 895 11
745 768 51
209 498 78
510 808 36
315 933 -25
144 667 16
6 685 86
611 965 22
124 686 -22
783 827 14
387 545 68
106 352 32
359 772 22
377 739 80
367 424 90
613 684 -42
650 666 97
364 844 10
80 908 76
537 810 46
520 569 26
560 660 -28
619 926 -19
63 583 67
80 465 -15
180 726 -3
157 332 -49
141 297 4
217 983 6
535 542 61
505 834 -27
195 248 -70
11 686 52
763 808 80
30 139 15
372 678 -90
198 355 73
84 488 -14
321 495 26
41 49 45
86 550 -44
357 925 -71
139 955 73
417 511 -29
56 966 -11
179 543 -88
368 673 -33
416 731 15
280 413 1
337 525 -81
608 663 -26
24 208 -88
263 501 -88
31 730 -22
97 856 66
235 938 -16
647 770 -55
38 294 -77
956 997 80
163 870 59
722 748 85
9 477 -57
216 924 88
505 510 73
627 982 90
19 820 -27
61 775 -85
282 745 -65
704 844 -57
615 712 -96
385 538 83
210 242 6
191 749 -38
568 719 26
131 312 82
400 408 -65
103 223 22
837 872 44
256 580 -24
384 789 -67
132 559 38
629 817 -44
79 128 -69
287 479 -89
509 764 -98
635 895 -73
251 474 -90
511 634 -92
69 484 -15
300 561 6
328 991 -65
507 614 53
204 271 -69
98 943 -46
193 590 88
452 482 42
317 758 19
670 726 -46
53 765 80
234 271 -90
660 789 45
602 944 -60
49 533 71
882 914 6
24 126 -65
203 264 -56
28 890 -23
114 123 38
636 773 0
580 661 72
62 844 -99
6 110 -44
362 484 28
625 938 -92
827 916 -50
141 382 63
65 777 31
77 104 22
300 674 -84
32 981 -92
342 773 99
710 844 17
112 920 -36
61 400 -97
464 582 -95
685 770 81
166 444 -91
146 636 -88
409 540 4
384 774 -5
46 842 38
593 688 -45
269 893 0
662 682 -88
33 200 -78
668 919 83
340 459 97
465 903 39
96 730 66
769 964 47
748 856 94
782 983 -73
367 905 -76
212 823 -13
63 903 77
217 965 76
196 298 -51
159 251 -7
351 502 35
561 836 -63
140 465 40
169 802 -72
370 850 48
397 700 -37
245 302 24
98 860 -34
421 598 -38
131 738 -27
204 237 -93
357 667 40
489 868 96
188 886 21
147 482 -92
358 628 15
225 406 18
298 537 -53
501 800 -28
466 769 -86
258 383 -99
173 621 37
483 671 -32
110 248 9
228 653 -99
105 878 12
841 904 -86
225 610 -4
56 607 -62
581 653 -80
135 713 82
312 493 80
72 632 -4
169 737 78
10 617 -12
469 841 -36
851 877 -77
58 503 -10
122 394 -31
238 865 -47
496 604 9
288 773 27
256 640 51
460 940 93
623 790 -95
32 907 -80
652 865 -84
685 729 48
158 288 59
87 797 92
78 296 -46
235 393 -24
15 72 -20
301 978 -50
136 517 -68
418 820 -20
575 980 18
418 711 -74
7 922 -82
314 959 68
31 989 77
629 642 40
116 209 -2
575 978 -92
263 554 -27
326 402 16
199 323 23
245 510 19
97 233 98
77 591 83
138 152 -77
223 712 -84
12 485 86
414 755 92
305 769 27
13 447 -52
604 895 70
546 854 -62
343 641 77
215 562 -69
574 608 -60
353 362 25
205 473 -31
184 651 81
139 904 -68
31 109 -32
23 910 -3
173 824 -87
132 148 -86
852 864 -9
69 693 -60
594 877 -15
484 497 -2
488 867 -54
397 910 77
434 765 -67
54 264 -8
271 918 90
304 963 -55
24 897 9
312 507 -49
757 799 13
443 666 18
207 439 15
492 777 -35
47 79 -97
506 734 51
461 529 -26
124 429 -11
77 185 21
292 519 -52
669 730 45
445 833 -33
263 784 2
106 641 -29
56 566 54
18 484 63
94 137 21
428 874 87
585 894 82
768 770 31
87 903 -79
192 709 10
116 618 98
114 635 -22
544 602 -43
84 770 -89
20 972 -52
92 236 72
322 552 36
247 612 -22
216 773 -29
238 353 -82
248 678 -18
461 761 -31
432 736 -20
93 971 -68
405 996 -9
3 484 -37
419 608 -20
55 123 -82
84 253 -38
122 713 -28
249 857 70
239 342 -23
643 685 95
520 685 -15
103 988 70
5 394 -47
38 257 72
1 160 17
250 540 -46
370 779 -30
278 406 -17
962 985 -50
373 972 -41
377 941 41
866 978 -58
828 867 56
367 403 -9
125 392 17
670 687 -6
209 672 -98
392 582 11
553 684 46
305 770 1
132 358 -54
761 864 -94
608 912 -65
572 951 10
10 133 67
679 753 -74
22 583 -49
326 951 39
661 795 -7
10 302 -56
422 566 44
346 856 88
217 456 -42
487 917 -56
206 290 72
113 509 -24
84 259 40
385 949 36
370 481 -16
305 336 43
86 113 -72
355 629 18
144 835 -10
387 608 14
470 507 -84
455 721 7
202 325 -42
138 981 -40
224 665 94
293 766 -72
184 261 72
570 739 84
245 569 -97
290 457 -26
133 821 30
523 958 -9
187 657 61
387 774 9
835 922 -52
337 573 33
183 905 19
640 798 39
471 618 36
345 499 59
274 507 14
376 660 -64
210 917 -22
9 253 -55
191 875 54
25 794 53
542 616 -68
381 392 95
262 654 -28
193 637 -96
371 461 -84
340 379 73
566 628 50
704 773 -31
152 246 -52
248 884 -86
415 509 -4
501 960 94
731 872 84
58 70 70
37 922 -24
808 977 0
312 953 -62
200 449 35
215 340 8
603 841 97
134 334 -64
543 836 -89
109 967 -38
640 774 -10
573 944 31
373 419 -54
463 758 64
418 762 -12
678 895 -56
599 865 -66
457 565 60
448 771 74
343 758 -86
176 441 -53
256 470 -34
231 599 -26
276 335 64
933 983 -15
439 577 -38
347 665 29
422 516 -7
113 308 -84
582 819 86
65 418 -39
256 400 88
590 704 -32
71 632 -66
735 896 71
479 763 7
744 944 -84
571 915 88
680 988 -27
288 616 -21
306 672 -56
523 728 32
4 770 72
832 835 53
576 938 53
694 860 -72
252 374 -36
711 868 -88
16 146 92
20 826 8
181 582 -24
330 765 95
150 267 -80
353 843 24
605 614 79
324 821 -61
318 906 -33
695 731 81
207 628 29
478 536 -31
627 912 -32
309 617 -40
672 922 -43
492 757 -83
369 662 -49
31 415 59
341 589 -33
165 818 30
263 428 68
571 709 -15
659 732 88
24 767 -35
393 937 -76
236 968 0
576 634 83
14 150 -40
509 628 -72
217 588 -94
483 599 -75
507 611 -96
548 725 -8
609 960 73
510 594 -32
525 875 -19
34 644 52
231 799 -1
281 777 -45
394 740 -40
119 502 52
278 462 68
653 787 97
178 469 -15
418 718 22
194 420 -40
581 814 70
75 82 12
705 734 -50
386 748 -3
371 569 24
290 641 -73
58 249 -60
668 901 -87
458 833 -15
181 533 -61
112 914 -78
211 935 -13
657 690 -10
536 682 -56
717 784 93
581 969 35
390 752 67
229 284 -61
293 692 46
412 579 -32
195 454 -32
542 730 77
610 623 -68
203 304 79
407 799 17
379 431 37
437 723 -74
59 200 -35
253 420 -91
421 961 -99
43 868 0
171 232 39
30 109 18
209 540 80
855 997 14
266 802 52
396 573 51
403 816 55
270 956 -53
345 539 21
454 692 -78
211 252 57
224 417 95
25 700 51
95 755 82
158 290 -18
597 924 -70
268 644 -53
84 336 -16
294 727 86
334 950 -91
33 943 -23
49 758 39
47 858 -84
133 907 76
182 551 24
265 593 75
319 714 -18
362 399 -94
656 870 -60
627 1000 -9
209 246 -66
153 795 -92
269 976 91
467 861 48
533 767 -99
129 746 13
615 974 -39
326 750 16
283 347 -78
23 77 52
291 844 -42
663 791 -33
833 909 -24
190 930 24
364 516 -87
104 465 77
386 656 9
30 215 64
58 859 74
1 208 13
391 393 97
174 580 -17
538 705 86
161 365 16
179 372 59
393 576 72
599 787 -69
159 435 -95
346 825 -23
793 871 50
138 498 13
630 854 -54
266 808 77
194 403 1
353 523 -65
814 957 60
511 637 -89
92 429 40
254 581 86
235 842 -62
107 340 45
94 947 -30
397 469 8
562 722 62
152 358 3
595 944 63
350 549 60
323 543 29
15 475 52
284 774 57
32 919 -22
640 985 -15
171 488 -33
115 549 -9
251 570 -49
31 245 -45
151 506 -69
434 680 -23
299 598 -60
128 283 -36
298 422 52
323 462 -30
280 383 -16
215 663 88
365 659 49
690 725 -17
23 78 74
163 557 27
584 632 69
445 452 -29
731 899 -5
113 394 -63
404 413 -29
490 647 30
76 957 68
119 596 -88
158 579 -59
142 961 1
7 40 87
52 752 31
464 661 -99
307 331 16
287 337 64
285 553 -11
63 771 -85
264 439 -65
797 854 5
137 905 54
7 149 -24
193 689 -39
256 881 -83
161 895 -27
18 265 -96
15 703 -83
220 741 97
230 805 46
163 923 -36
76 115 76
332 613 11
507 891 65
14 507 -8
92 380 -58
184 809 -73
965 973 -42
31 895 28
106 505 -8
220 469 31
49 111 -2
415 711 29
154 940 92
748 818 1
596 790 -89
518 626 97
106 375 -71
677 856 -69
725 904 7
637 787 -63
208 576 29
25 83 -86
31 929 54
446 952 38
409 963 -66
170 888 -23
331 612 -94
558 967 90
320 765 -16
754 956 58
213 236 -91
164 882 4
844 923 -8
232 810 89
236 562 71
214 793 -72
342 885 48
60 649 73
272 565 15
446 472 58
394 719 5
147 950 -28
382 852 41
65 515 -33
208 835 37
711 894 -90
275 358 -51
182 663 -61
381 719 -81
810 866 -44
13 287 -24
153 558 76
315 744 -18
9 25 53
105 366 -71
85 119 73
307 803 33
117 430 -18
68 743 57
652 934 82
201 248 -31
185 209 -75
642 999 24
83 650 -62
848 957 -56
278 875 -4
462 969 16
199 748 -14
399 752 22
598 935 37
415 948 39
64 354 66
202 875 -95
53 101 -26
443 514 -39
407 994 -59
634 805 -7
232 646 -18
58 60 -60
179 411 46
53 994 -45
46 673 72
467 612 23
370 835 55
469 964 16
635 961 81
44 142 45
44 672 69
38 267 -79
504 939 45
222 468 -16
56 773 62
88 979 78
613 861 18
354 616 12
12 934 -52
201 385 -82
829 888 -95
113 402 -43
237 258 84
236 963 22
141 175 -6
19 108 -5
305 710 -18
94 354 94
534 891 -87
355 583 -42
427 840 -13
636 742 25
128 184 -43
555 701 -57
411 576 62
709 929 36
877 951 -47
459 491 -94
160 269 76
147 703 25
721 886 12
270 774 49
197 364 38
73 876 -90
104 391 79
233 574 -63
86 641 10
436 695 9
508 774 -23
373 395 -15
737 855 -19
63 82 -82
453 862 -97
14 788 -36
47 654 7
17 834 30
354 790 73
79 790 -78
898 996 -74
312 509 12
62 371 51
75 689 33
87 541 -78
762 910 -13
467 939 -86
65 728 -10
314 685 50
546 763 92
177 245 -76
285 510 -82
402 813 -42
300 547 84
648 716 -48
332 499 -5
451 614 95
47 272 -91
74 133 -52
48 887 96
655 910 -51
561 789 26
175 436 -56
14 25 47
464 843 30
467 523 -91
597 948 36
386 644 97
201 647 98
325 341 82
491 851 -46
505 946 16
140 347 29
221 373 -8
745 969 5
55 482 -13
112 256 87
170 788 75
13 322 -15
432 619 83
131 665 -67
38 976 70
72 929 73
287 983 33
721 750 -89
242 965 77
93 638 69
606 877 -64
270 432 -8
759 932 -68
42 860 35
328 769 -35
25 489 64
842 989 35
105 934 32
710 949 67
229 733 -41
160 710 -20
56 751 63
699 824 5
75 470 -45
81 311 -39
185 624 -57
278 573 -29
271 506 -46
468 981 -86
875 950 -60
1 666 -13
459 488 89
539 881 45
504 857 -73
133 603 36
583 873 -5
392 402 -87
693 800 -26
40 465 71
313 499 -1
545 847 -63
489 702 80
91 617 74
180 552 -19
159 923 28
555 958 -63
835 947 -77
179 499 84
1 378 -43
489 977 16
791 945 46
118 323 0
29 277 15
280 936 59
114 438 -29
566 968 -7
803 918 -27
744 779 89
288 886 70
371 757 -8
424 752 -70
330 703 -71
119 301 -32
492 866 82
294 910 -41
5 583 -47
70 870 1
662 793 62
86 333 81
14 853 -59
144 505 18
353 635 -4
398 615 0
332 500 -60
15 921 -30
676 893 -7
541 577 4
264 745 -21
292 408 70
827 997 -69
322 577 28
173 442 12
343 808 -57
587 766 -47
306 552 -3
167 178 50
821 973 -67
289 800 26
8 611 -86
449 799 79
493 738 -89
389 855 92
49 292 -13
226 565 31
351 889 14
640 641 66
106 1000 35
316 904 -54
405 497 -26
772 885 -69
684 820 -86
370 600 93
8 721 79
1 998 60
103 696 -99
363 854 -6
285 702 -76
56 147 -14
182 453 -22
769 822 71
203 776 0
201 213 -27
909 927 -12
119 132 89
404 766 -23
264 590 -37
12 42 -28
253 780 4
455 657 -34
514 870 9
322 792 51
493 793 60
584 611 5
43 173 22
303 407 27
184 555 44
193 480 67
345 677 -42
351 646 -11
491 872 -89
695 807 -77
52 90 43
323 355 -80
478 507 -21
957 990 -63
18 358 88
3 200 -13
423 903 -96
327 598 -6
102 730 33
214 425 -96
43 670 -32
11 148 -51
505 792 -99
314 344 3
216 352 -94
30 553 2
7 736 -46
302 595 16
265 749 -94
248 698 54
489 755 9
68 313 -49
17 944 99
2 848 56
704 738 -87
298 404 33
428 504 -40
125 195 1
301 464 48
98 128 2
154 393 -41
507 698 45
753 786 -85
189 720 -15
208 499 94
403 649 -40
89 112 -22
187 777 -34
276 930 70
325 969 31
17 106 31
88 147 -89
355 485 -61
485 854 62
585 942 37
272 361 10
899 933 77
109 253 52
477 484 -3
630 693 50
64 529 -95
917 959 11
202 543 41
473 804 44
88 622 -46
82 599 -49
82 405 -74
450 977 50
40 546 42
6 504 -68
207 262 53
198 417 -54
172 701 -48
651 950 14
355 989 45
896 965 32
794 827 -14
833 884 -94
348 497 21
528 898 -69
318 580 24
540 619 -12
811 880 -27
261 706 -51
439 567 -47
194 802 13
787 894 -62
315 684 62
353 939 75
140 830 43
424 950 5
684 809 57
5 375 44
110 551 25
740 896 37
424 852 55
142 283 46
43 422 32
290 466 -78
98 236 -21
593 718 -51
529 827 -89
269 579 35
430 443 -18
566 725 -93
278 608 -69
600 919 -24
187 546 -92
616 896 24
266 425 -67
844 856 -35
298 906 -47
471 793 72
423 742 -53
693 778 -8
253 676 -9
149 986 -35
604 656 -68
56 511 23
323 961 81
54 115 -64
147 419 -29
548 938 -69
431 543 -16
653 768 -18
287 308 69
694 945 76
267 511 -40
706 916 -21
476 851 -4
140 674 49
166 456 75
394 818 -45
32 467 -45
411 623 -82
133 223 61
67 233 29
79 92 5
244 833 22
227 420 89
536 887 -86
121 510 25
439 695 -40
503 821 -28
210 921 27
288 885 10
385 718 96
186 805 -56
73 943 38
16 415 74
454 968 83
164 470 29
374 510 -4
368 394 -95
192 752 57
15 730 49
309 641 35
8 662 84
620 629 38
783 821 90
648 682 -20
15 416 37
295 960 -77
327 661 41
319 929 -92
229 943 -39
848 930 72
102 915 -89
362 562 57
129 747 45
41 423 27
101 322 22
67 602 97
237 295 66
518 839 22
753 964 -1
325 611 41
357 639 92
21 61 2
177 694 -32
30 243 -38
305 618 -81
495 856 -5
820 860 12
497 842 27
214 730 -70
3 258 0
384 391 -39
47 473 -86
328 945 -39
404 804 -42
262 591 -50
378 432 -67
459 738 2
92 456 -66
658 846 -26
130 665 84
276 609 55
598 680 -36
189 487 50
217 718 -68
223 455 94
661 678 23
550 671 19
256 567 -8
532 565 -38
327 514 2
165 906 -25
623 994 59
216 854 26
51 866 20
240 952 87
495 648 44
335 564 87
443 661 -30
156 348 57
317 501 -50
170 430 -13
434 480 -22
673 962 -52
697 961 -44
31 484 -53
84 278 -66
424 592 98
92 401 -59
473 830 -99
274 906 95
448 587 -48
144 345 22
180 376 67
434 812 -85
84 210 -45
6 837 65
617 830 78
242 474 68
817 921 25
149 513 -40
508 876 -1
287 941 88
287 723 -54
644 772 -75
388 606 -11
281 431 -7
449 533 17
33 58 -5
565 859 94
36 497 -10
322 865 -80
409 636 -88
366 701 -54
162 333 -98
47 617 -93
451 674 -86
582 661 99
510 969 79
375 561 5
321 394 36
91 446 81
605 981 -10
356 597 28
68 159 -11
1 11 -27
408 521 -9
215 320 59
48 960 76
491 511 -34
797 843 -44
505 825 -11
892 976 80
161 338 11
568 821 -55
387 768 -29
258 815 -3
768 990 98
495 787 -99
164 672 -4
137 139 58
297 370 85
493 543 -53
35 612 -26
293 730 82
72 834 73
680 773 -51
156 936 65
292 424 -53
145 291 -55
135 962 -67
348 594 24
607 676 -3
777 792 55
159 901 -21
314 439 -13
214 219 -96
405 509 96
716 718 -41
266 662 -56
224 460 34
588 742 86
660 900 -75
451 642 20
770 860 -73
123 526 -15
190 457 -6
74 363 -38
174 973 -63
66 502 -48
276 514 80
269 754 -78
705 875 0
179 268 41
76 300 -18
15 757 96
82 813 -48
549 666 -63
344 824 -45
449 825 -24
477 881 -21
715 744 -25
367 644 -18
115 753 67
279 516 -31
416 795 26
491 673 -35
849 960 -13
436 687 -86
564 754 48
208 667 99
133 419 44
287 476 59
623 886 -92
328 910 54
287 720 37
407 624 3
188 304 -30
130 970 -57
554 900 17
514 532 18
860 926 32
371 645 -23
346 527 -13
544 831 30
25 40 -5
593 823 9
349 451 -27
499 881 39
424 624 88
346 512 22
391 736 -27
632 911 75
682 950 -79
42 856 -67
390 547 22
45 714 12
654 689 -39
62 517 -25
149 653 30
563 907 -35
367 940 -58
760 978 52
427 524 -22
140 188 -39
841 979 -62
40 940 -15
798 944 -19
56 107 -74
185 826 -41
162 594 -85
21 209 56
49 396 39
27 554 -95
263 845 -58
61 278 98
425 737 62
604 609 45
197 232 -57
467 792 -80
515 772 -77
326 773 58
36 917 9
547 660 -62
25 84 95
693 980 -12
924 971 -96
177 789 -56
434 949 94
154 207 94
422 457 88
468 603 1
149 980 -94
760 842 -86
82 584 83
492 760 71
366 926 84
480 871 -24
288 765 -11
566 719 9
714 957 -8
495 716 -23
78 559 65
50 189 -48
554 934 -57
534 765 68
32 650 -9
520 949 -17
426 476 -20
273 296 38
356 854 90
492 544 -81
40 425 -24
645 925 -43
453 677 -94
64 324 -90
264 842 92
31 559 -14
58 738 -19
601 901 -29
954 992 -16
160 599 -42
489 964 2
552 594 -89
483 857 -5
673 865 -30
82 550 82
503 612 57
874 918 61
385 956 41
444 744 86
689 777 -39
246 611 -63
194 270 -28
96 664 31
341 627 42
214 557 10
512 904 96
636 648 2
42 764 84
600 639 99
145 981 9
293 996 88
984 985 17
540 928 -46
796 832 -9
364 431 17
454 758 18
405 470 7
450 969 -40
614 682 18
17 936 95
215 294 9
89 372 -27
87 98 15
334 903 43
156 303 -8
623 701 53
172 382 33
459 981 -4
626 967 -70
650 690 36
353 747 71
267 686 -60
869 921 -49
569 903 -78
74 964 99
357 944 -55
323 978 34
572 980 38
276 462 -78
80 739 5
607 655 42
557 673 29
636 881 -64
237 772 -50
750 838 -73
409 413 57
226 237 47
853 975 4
199 507 -12
642 871 95
260 522 -39
32 991 -20
647 828 12
59 370 22
958 970 -40
175 246 -17
382 444 -95
23 491 75
16 751 5
6 379 -65
25 830 -71
199 746 -69
11 715 -40
10 608 -21
17 391 -68
297 859 -59
18 312 -93
359 748 52
540 976 -57
627 721 -46
39 989 27
48 949 98
317 419 -53
67 565 35
229 934 -97
602 940 -3
361 577 -68
340 815 35
205 463 75
626 763 -92
298 396 -52
388 863 91
590 617 28
543 632 33
603 993 19
769 907 62
721 990 -76
322 615 -60
166 619 -24
16 553 -80
809 957 27
792 814 70
90 768 18
349 534 -60
523 790 51
111 464 -51
676 981 65
598 691 5
406 834 -46
117 999 84
558 855 52
388 514 -26
230 303 -99
45 251 96
278 814 10
316 411 66
113 501 -16
401 581 -63
255 917 -47
426 782 56
655 656 99
258 748 -76
562 987 53
654 821 -39
208 285 4
269 960 7
537 807 59
233 816 -52
304 823 89
403 718 17
56 172 87
344 779 15
220 986 -96
256 840 9
415 422 -44
149 237 36
804 879 -90
596 809 21
161 332 -12
928 939 5
203 499 -71
434 458 65
111 855 -69
459 611 -53
345 689 72
494 505 38
7 351 -13
219 630 -72
496 773 -66
281 884 -53
676 994 -29
486 783 70
343 479 -8
188 448 21
87 150 90
415 658 7
726 910 -11
466 961 -76
493 606 62
633 741 -2
311 327 53
110 427 59
550 866 -38
298 964 -51
375 964 -14
92 781 -40
49 903 -53
456 887 -59
118 265 30
43 490 38
229 391 29
382 878 77
345 697 -37
788 931 0
185 406 76
688 861 35
66 952 8
747 907 -1
683 975 1
416 932 54
276 393 -39
392 675 -1
578 797 -81
265 270 38
247 687 61
346 815 89
244 497 -23
175 330 75
74 668 15
59 817 6
747 888 -63
157 202 30
801 844 88
30 658 16
273 692 -69
22 498 -99
165 815 -94
801 984 29
40 646 -91
374 847 -91
217 532 95
313 561 83
205 356 -31
232 702 23
18 398 -92
170 574 -9
219 554 56
279 500 15
31 912 24
508 576 -76
713 760 7
483 991 -35
128 500 -20
583 701 28
338 488 88
104 189 64
367 390 62
291 897 -72
50 532 -78
366 414 -80
253 893 -36
465 835 63
154 552 -39
8 404 13
428 793 67
540 718 -53
423 432 58
291 845 -3
240 544 81
56 897 51
801 843 3
169 598 -32
200 596 -83
137 739 -78
569 590 -51
655 880 -1
246 535 52
431 556 -14
118 750 -89
286 923 -88
122 872 -44
361 975 -24
564 729 44
383 898 -69
74 432 -81
496 629 96
187 965 76
109 165 33
389 730 -45
223 704 28
73 951 -14
971 984 12
58 946 67
117 793 -67
303 844 -9
360 543 95
272 842 95
64 524 46
361 949 -45
11 344 -23
344 956 -90
460 910 56
567 753 75
109 571 -11
59 412 -59
6 583 -39
538 718 -52
528 548 -65
308 871 2
217 460 -42
378 670 83
593 995 69
54 981 82
22 338 -69
374 559 67
633 901 60
292 915 4
600 726 -27
611 621 -40
862 958 -68
751 843 97
219 772 -86
406 944 39
38 452 -70
367 476 87
15 427 -46
839 977 59
180 700 95
645 930 -25
769 875 5
326 376 37
25 851 -87
34 391 -75
872 935 -52
114 948 -68
945 946 -46
309 534 -16
22 408 -85
397 775 28
151 616 -27
1 903 10
189 615 97
563 666 -47
495 611 -16
333 380 -98
636 706 -22
410 703 53
281 318 51
415 536 44
29 743 -77
408 777 0
271 818 92
150 692 87
363 679 -61
65 67 -51
156 699 3
570 649 9
391 687 40
463 693 71
510 865 86
227 908 18
232 589 -77
298 730 86
143 885 81
143 891 -2
295 929 -33
906 988 -79
122 619 -59
78 845 -65
344 661 88
425 528 -5
22 887 65
129 868 -47
81 515 98
331 338 -1
562 949 -38
157 991 28
717 852 8
266 596 -35
152 401 79
620 827 87
260 839 -38
41 169 -7
598 602 60
189 754 -94
204 257 -83
469 519 -68
271 601 -3
292 427 27
130 419 34
42 459 13
639 674 -54
862 950 0
285 505 -21
143 155 96
253 743 -71
451 544 -6
841 869 -21
735 882 89
445 760 -67
394 669 41
116 305 -73
223 258 39
311 475 19
114 726 41
363 566 -60
449 750 22
546 990 -31
10 973 39
114 440 -76
336 768 95
431 568 78
293 572 -76
537 934 8
31 639 92
373 824 74
14 148 47
479 876 35
684 995 -26
251 505 -19
197 428 -4
85 114 -45
496 738 58
733 913 -1
1 98 -99
635 876 41
69 318 46
925 966 -14
162 919 -64
384 511 20
579 600 -50
52 663 -24
52 924 -88
782 910 0
147 202 -98
112 313 30
247 584 -23
757 896 -97
1 827 -20
52 145 0
68 641 -33
586 775 7
732 759 5
71 636 72
748 883 -72
522 643 -98
271 522 9
262 415 80
255 466 -62
404 422 -55
162 180 -81
149 854 -7
601 932 73
424 454 -15
695 725 -51
984 987 -94
457 802 -20
230 976 90
373 489 11
578 971 -71
97 903 25
521 541 -33
618 638 26
321 621 95
129 816 -29
21 143 19
393 483 72
344 453 -51
329 793 -13
448 870 -78
437 905 -93
578 989 82
156 512 15
532 535 84
17 957 97
653 801 -75
130 590 -8
339 389 -88
595 982 32
767 970 -77
279 293 77
180 463 37
387 771 -16
187 545 18
486 679 17
17 206 49
187 634 34
12 401 -35
657 814 91
276 981 82
367 752 20
296 391 -72
422 943 5
148 407 0
392 536 45
882 899 -21
47 366 93
346 829 -70
243 580 -69
894 986 -6
364 836 43
597 770 -73
484 919 4
152 478 88
195 734 -22
294 562 -4
888 926 -66
373 819 -78
88 475 -93
67 71 21
337 378 -86
207 927 89
613 661 41
258 898 -14
81 823 -69
454 648 -50
44 474 1
462 823 0
88 200 86
14 28 6
100 640 -47
349 962 -45
115 394 -15
114 218 91
193 614 -34
15 636 72
75 511 70
130 539 65
65 581 78
378 876 -3
319 990 -69
413 889 93
229 605 -27
216 801 35
663 858 -28
339 546 82
213 962 -52
88 356 -61
27 783 -82
195 277 -67
695 857 20
8 847 12
441 865 13
339 848 26
60 379 -90
452 734 26
234 810 25
145 438 29
402 840 64
77 409 -98
665 869 -79
6 512 10
201 736 69
652 997 -80
158 959 -67
103 649 87
50 604 83
32 934 81
262 598 10
267 373 -32
454 573 23
450 756 -63
66 531 -52
179 792 65
395 849 36
118 135 81
544 731 92
577 916 3
31 527 62
226 634 90
108 695 71
487 737 -16
605 938 10
74 392 -54
700 935 53
276 857 36
735 751 41
328 984 -70
342 678 23
431 992 96
407 596 -90
150 297 24
330 996 84
186 973 32
474 723 91
457 762 -87
456 963 49
46 954 -56
99 804 -20
395 746 -87
75 672 -65
996 998 83
227 824 70
658 989 65
416 620 -32
813 989 -24
87 746 -20
309 491 -74
332 940 28
290 765 -96
868 991 -43
510 877 -25
277 510 -20
498 598 4
343 626 -68
286 695 0
635 982 43
341 746 39
483 560 18
344 544 31
406 705 -60
117 654 90
311 742 -31
357 632 -95
291 965 17
357 983 49
568 840 -77
261 463 54
215 317 74
331 665 -16
327 848 -2
150 832 25
793 995 -9
352 359 -16
278 646 76
583 906 -59
786 797 95
213 802 55
410 412 -61
539 560 42
886 952 -77
146 662 -30
559 791 -29
142 341 22
126 518 -68
82 376 5
786 920 -87
458 830 -47
525 781 82
413 671 -31
762 972 -60
454 835 53
250 264 -78
367 535 30
130 548 -38
7 321 -21
206 734 -40
319 702 20
626 888 2
500 561 77
176 656 35
219 374 4
348 443 1
75 764 -81
223 280 56
129 276 -21
424 754 6
336 484 -6
194 491 -23
329 412 89
123 443 64
517 847 -37
819 822 9
243 316 32
151 239 92
68 432 9
699 748 -54
141 771 -59
898 969 -56
255 591 -87
73 350 -91
93 462 -60
160 370 87
68 394 81
517 941 -15
373 838 -25
13 979 -44
236 362 -69
18 459 45
462 706 -63
427 604 79
349 713 -52
268 654 -49
575 992 22
167 587 -24
146 754 78
163 224 82
281 999 -95
828 954 51
540 604 -66
223 868 -87
10 442 87
529 612 79
710 757 -45
285 328 -45
194 678 -22
21 526 84
129 451 56
318 844 -17
157 205 -41
769 874 -14
583 860 47
393 539 -83
586 759 50
284 835 -21
285 678 15
385 873 -15
258 541 -9
176 483 -37
387 685 -83
420 429 -44
396 530 -75
230 897 -28
396 574 71
132 940 -74
36 197 -32
211 222 -46
83 906 -24
70 502 -4
80 817 46
828 977 15
223 788 -99
79 574 -78
63 609 -56
103 285 66
185 343 79
412 984 19
64 319 77
498 593 40
640 732 25
156 565 -35
444 571 -94
547 813 -99
156 680 -20
15 540 46
210 476 -68
420 762 78
556 753 64
64 453 93
889 896 39
291 701 24
645 970 -74
273 536 13
100 235 -3
348 934 21
687 842 -68
139 315 89
81 203 -27
371 704 -10
700 885 -76
442 509 83
28 840 -25
500 773 26
538 947 69
261 759 -12
592 839 17
295 828 53
64 282 32
616 723 -30
8 455 76
303 507 44
602 767 70
484 525 76
75 746 28
573 882 66
163 999 -10
793 967 -86
800 816 -51
470 897 -1
663 773 -84
608 961 5
234 706 6
115 526 -68
231 876 13
23 852 14
667 966 -27
182 862 6
491 954 -14
20 803 97
405 606 88
809 930 -48
39 862 -98
65 613 82
362 578 19
543 778 66
81 621 -11
410 453 82
123 814 -76
477 932 50
249 338 -82
617 861 -37
57 978 -29
834 896 19
329 832 -28
593 863 37
337 966 51
102 443 41
324 703 -85
723 940 -52
131 582 -40
830 861 21
44 702 89
127 564 -92
444 596 71
49 813 -69
136 607 -13
666 682 43
600 836 -27
48 250 -37
227 951 -77
705 822 18
769 990 85
107 803 67
713 881 16
412 899 57
247 685 -29
286 919 -36
167 497 -54
573 988 -99
437 562 25
493 895 5
722 726 52
262 485 -24
454 947 24
724 762 19
274 928 -71
198 471 74
260 300 78
145 184 12
257 818 -44
21 79 -23
474 848 -60
132 609 67
539 758 -6
361 881 65
533 597 -25
590 780 -97
94 759 80
114 304 -65
504 526 86
10 254 -51
144 858 20
90 139 75
601 735 1
542 899 -5
344 439 -89
55 742 -46
233 933 60
412 838 -7
621 780 36
270 312 35
37 264 -21
179 288 -4
594 617 -39
1 186 -6
367 771 25
130 933 92
64 129 63
551 792 -88
262 939 10
441 668 -60
613 1000 -70
537 778 -96
122 496 18
406 911 78
391 594 54
195 496 -87
150 457 -63
817 924 56
128 275 45
257 643 21
116 792 80
160 702 42
105 849 -24
43 564 -86
102 714 98
26 756 62
235 409 -14
403 637 45
27 428 90
85 538 76
254 933 45
684 817 25
786 925 -63
32 426 61
186 277 59
265 405 5
783 848 76
154 933 -65
407 963 -91
18 647 56
220 942 -45
759 997 -89
35 49 -69
227 805 94
75 571 -10
76 276 74
591 767 -56
513 784 -19
732 965 48
723 990 61
384 390 11
610 806 32
729 744 93
371 969 -37
87 694 96
206 568 -97
346 884 -15
630 687 67
13 531 68
689 754 -9
497 755 -71
75 209 -79
254 728 -81
296 679 -46
115 376 88
744 908 36
439 758 -28
511 738 -94
493 818 -76
379 756 79
461 836 -42
140 541 -12
655 854 76
65 761 -4
234 822 28
275 323 -41
445 619 -33
165 726 -5
600 625 42
141 408 -30
207 261 -44
49 271 -23
634 952 -27
522 579 -22
208 492 -96
354 372 -29
524 954 11
742 931 -39
136 300 -63
537 839 18
142 198 77
601 719 93
160 290 78
260 996 -31
695 783 45
337 789 7
473 523 -61
80 361 -29
278 360 73
312 668 -9
40 309 53
651 937 -55
632 701 49
38 458 58
221 980 -69
652 751 -94
110 120 -28
139 890 43
929 949 -2
59 886 -62
111 565 39
70 230 44
333 591 1
711 982 -14
810 871 -47
103 758 -28
444 513 -62
8 854 -70
352 779 -84
130 361 -45
72 200 85
52 181 34
861 982 -53
436 635 64
180 430 -70
33 693 68
253 823 -8
706 734 26
713 905 38
273 764 -40
394 607 94
28 911 -41
90 264 -44
413 956 9
18 70 -12
539 776 55
603 847 -16
119 957 -42
289 351 18
199 812 -38
75 783 14
324 548 -58
394 823 -66
223 362 99
69 317 -81
24 273 -15
86 664 -4
243 897 -54
321 377 51
862 996 -39
507 685 60
81 461 -60
43 777 -38
6 418 75
91 432 -95
26 502 8
12 822 -77
226 869 57
727 818 -6
19 630 58
50 61 -58
55 886 63
317 559 35
412 497 -94
124 508 0
310 993 -93
300 480 -77
319 888 -18
377 937 12
176 614 40
86 676 -74
69 524 80
545 834 -15
462 495 6
113 836 -34
5 76 13
381 426 6
899 954 -26
601 927 35
21 968 -32
301 801 52
412 762 72
599 759 56
522 763 -37
299 744 39
466 995 -90
66 178 -69
145 203 2
503 808 44
219 917 -88
497 676 90
370 880 -84
124 975 -23
266 590 -88
443 611 44
800 813 -88
533 607 -81
122 801 92
483 971 17
714 902 -11
25 336 56
898 953 72
417 508 86
216 275 37
159 619 -49
92 343 86
177 756 -53
465 657 -78
152 587 -98
484 971 -3
242 739 -61
516 999 79
830 969 -35
122 524 73
227 877 -41
520 692 -17
107 916 50
238 854 32
95 946 33
114 297 -38
295 675 76
148 151 -68
377 811 60
178 682 66
445 617 81
366 823 -9
643 663 -82
108 921 75
252 595 -22
754 792 -70
731 954 -53
220 261 -26
189 560 -38
100 277 -30
565 742 97
473 486 54
76 878 73
21 996 63
269 727 -11
438 841 -94
349 485 -42
584 725 63
290 461 -78
285 833 57
62 84 92
79 908 -58
71 177 -42
860 890 -48
374 491 32
567 748 86
208 865 81
49 540 -55
448 623 -95
356 655 57
352 725 51
241 1000 -43
329 842 23
76 910 63
126 245 78
34 136 87
834 884 -10
668 890 23
371 675 48
674 693 -77
21 501 21
537 762 -82
134 562 -15
104 947 78
339 541 71
95 560 92
741 769 40
118 785 -59
934 970 -52
470 687 -72
248 789 -23
244 602 77
350 494 -60
353 796 -81
445 875 9
344 370 85
655 990 47
29 773 78
302 913 73
204 255 88
601 905 99
305 781 -67
655 678 -29
68 399 -63
409 763 -27
606 887 -64
590 907 -53
394 793 -7
707 994 0
68 840 98
80 97 -95
427 974 43
32 408 -10
350 964 50
710 711 -42
643 769 52
710 751 -5
1 182 -52
212 552 -35
330 931 -95
339 406 50
454 722 -80
164 723 84
189 365 -91
49 291 -32
49 237 52
388 788 -95
192 318 29
597 832 46
285 580 51
289 654 -83
327 477 96
375 381 -91
617 744 -34
483 830 72
54 373 59
558 886 90
137 795 -21
83 757 -60
83 309 -77
621 689 -82
617 716 60
286 799 -49
339 861 91
418 835 -97
629 771 -48
527 561 -20
651 869 -16
271 351 -12
626 968 35
237 263 -87
97 132 -28
966 978 24
173 748 55
276 733 -33
2 278 -60
73 352 -38
50 126 87
363 428 -64
793 911 76
153 770 -20
325 828 -41
455 727 -60
221 728 -32
223 646 -1
241 348 6
271 668 20
415 549 4
702 977 51
545 804 -86
271 499 42
72 327 -79
549 881 62
122 769 -57
391 830 -70
227 730 -39
204 743 -60
299 639 -68
311 797 57
38 989 -87
51 270 -84
94 171 35
306 923 69
762 884 -34
595 856 -97
118 893 -2
13 781 -60
402 900 -57
302 442 -13
535 649 -37
159 306 -59
246 920 79
129 840 69
24 246 24
388 737 -46
804 988 11
225 597 -13
203 225 42
361 454 -73
700 753 -7
29 233 -74
52 99 55
187 354 79
391 509 -62
928 967 -90
482 933 -75
387 550 74
234 654 -75
262 950 -64
400 572 55
278 388 11
778 926 -42
854 885 -38
767 818 28
316 355 -40
940 968 -6
918 923 -17
673 847 54
60 366 8
291 503 37
628 740 -82
63 394 -11
752 770 -81
588 719 9
479 511 -56
151 263 -31
92 980 3
595 741 17
368 652 41
353 714 -73
456 555 43
495 805 -65
283 522 -64
136 896 -98
802 987 -87
557 894 17
208 859 26
563 900 7
3 807 -95
761 807 -8
73 634 -25
924 968 34
322 726 -38
231 856 31
310 715 -62
210 523 46
525 542 19
302 380 -71
452 997 -54
641 921 75
170 552 33
396 861 11
270 510 -40
51 160 77
539 601 89
396 598 11
36 540 18
538 853 44
89 578 56
121 326 -22
216 630 -88
218 375 87
78 819 58
423 825 -88
559 962 61
96 806 -87
444 736 -37
560 916 54
396 775 29
17 965 -18
429 446 -1
242 851 82
396 800 77
165 553 31
180 355 -72
54 750 59
70 630 48
58 102 -89
696 972 -71
401 719 -41
525 917 -10
145 610 -3
228 964 -82
494 633 30
123 331 20
410 784 -39
733 864 -25
264 419 -73
336 944 8
864 945 -15
443 450 -76
159 943 -79
401 489 -48
162 740 -2
428 955 -96
122 847 50
457 511 80
49 726 13
42 498 -45
201 425 -60
177 509 -12
416 601 -32
281 843 -24
403 875 -81
115 737 63
163 977 32
371 630 -3
407 717 -58
225 924 -20
339 505 -31
786 856 73
83 107 -97
362 573 -84
669 690 50
299 606 -81
322 593 -38
516 560 22
64 806 -37
662 663 39
490 770 65
203 250 80
231 919 -3
285 836 24
615 877 55
130 174 48
687 936 -89
349 530 43
19 661 -63
296 911 -63
119 878 0
77 756 21
629 691 -27
111 676 5
362 595 -45
476 741 31
47 401 -17
234 342 -42
295 704 -83
371 857 42
170 838 77
83 845 -44
29 690 -20
504 782 53
472 551 96
39 57 62
98 334 18
306 661 -16
182 746 89
180 786 -87
827 908 16
470 764 41
293 338 -8
723 728 -60
679 820 68
691 937 67
683 710 0
495 889 73
148 542 -80
364 422 27
111 837 -8
169 559 -50
71 199 -55
8 475 63
416 536 -6
381 656 55
274 336 -17
110 698 96
534 705 9
13 873 -25
83 381 62
208 478 -34
442 893 -76
174 884 -55
220 825 -35
522 784 -51
488 662 2
26 728 81
109 444 53
88 921 -13
529 943 64
472 826 0
288 297 76
71 329 76
342 779 -68
402 506 77
197 431 -84
99 519 -84
41 402 52
305 873 -14
691 944 90
19 267 74
397 895 29
296 608 19
204 390 11
648 654 58
49 463 63
484 568 -26
53 102 49
80 947 51
39 323 88
452 526 87
99 698 76
512 840 20
214 717 -90
50 469 -74
224 873 0
426 904 -72
160 355 -33
209 411 3
76 602 -48
391 642 -6
211 233 -92
545 808 -52
368 1000 -6
271 979 -27
138 913 32
437 675 -16
117 864 -98
507 957 -46
189 740 98
403 636 9
317 770 11
295 491 -19
404 853 81
251 641 57
356 367 8
555 664 41
646 741 99
9 143 -68
325 680 7
171 728 55
589 932 54
765 839 26
120 787 30
372 694 -86
186 464 -23
547 592 -22
230 624 93
309 949 22
777 890 62
541 590 -84
715 728 -47
134 439 11
435 672 11
379 434 91
16 986 98
286 921 -15
49 430 54
371 539 -53
453 606 70
938 982 -96
769 861 -77
294 322 -99
307 350 36
270 604 18
33 373 58
263 564 53
16 724 14
58 264 13
124 444 -23
175 765 -29
118 524 -13
73 484 -61
208 721 -11
65 636 41
657 789 56
870 920 -22
313 698 -62
872 944 -50
413 865 -86
700 1000 41
153 720 81
123 570 58
131 315 6
536 929 -95
626 959 -76
128 254 -42
344 781 -2
780 796 53
301 735 58
858 917 78
485 583 41
537 765 17
847 947 -89
426 832 -18
612 621 -14
169 769 -93
152 903 37
420 868 99
193 352 19
81 789 8
735 798 31
850 981 79
795 822 85
280 963 -57
783 947 -76
428 814 -3
620 675 83
464 544 78
693 710 -9
911 989 -67
135 654 -73
684 933 -13
290 982 16
69 473 63
499 1000 38
543 718 63
779 925 11
265 580 25
151 233 -47
161 834 30
500 802 62
324 978 8
648 977 39
55 717 -58
70 979 -87
1 13 -93
164 842 -48
2 332 63
183 478 76
286 456 30
285 870 -2
113 924 46
535 735 -96
490 747 19
683 868 -10
551 774 -91
568 604 -89
853 973 -41
194 497 88
609 688 -70
219 774 29
61 149 -33
368 744 -78
869 970 54
297 538 81
269 724 78
572 719 30
406 654 -26
408 872 2
536 908 -26
631 805 -96
604 775 22
204 900 52
279 283 32
264 354 -81
269 760 41
44 167 23
450 931 -51
254 301 58
381 904 -90
96 937 -25
358 378 -16
150 973 -41
835 909 -32
508 878 3
255 957 19
130 907 41
511 984 -15
79 341 -64
51 781 -38
732 930 15
348 566 -67
171 855 -53
426 673 75
369 803 -45
353 513 -62
179 854 90
482 960 -77
565 893 -30
398 592 76
231 569 59
36 255 -28
226 404 72
739 887 90
66 833 -98
314 476 -16
47 721 12
341 445 -9
421 571 9
90 808 85
316 659 70
897 913 48
547 746 -37
374 955 40
353 705 -9
46 219 12
574 991 -44
16 731 -61
32 741 -87
436 945 50
288 982 -51
445 594 -52
149 262 46
832 960 61
658 885 19
333 388 81
365 669 -16
67 456 -1
505 706 43
648 949 49
396 909 42
156 355 12
814 885 -90
217 425 -80
149 445 -92
184 799 -22
831 872 -47
191 268 29
698 743 -64
408 627 -15
184 448 75
368 596 27
14 569 32
356 752 -9
227 810 72
352 855 -67
384 597 -11
679 791 68
126 544 -53
264 833 -33
401 666 -39
21 701 86
111 510 -44
264 965 -9
173 648 86
203 608 63
151 717 51
901 985 41
481 650 -5
182 244 -73
418 706 -51
682 813 -34
337 774 -17
233 381 -17
301 969 48
305 690 54
171 660 27
255 653 93
71 945 81
109 269 -31
42 901 86
134 904 7
224 656 86
193 346 33
513 852 18
166 964 17
751 909 -38
19 122 17
22 204 -84
108 545 -92
200 631 -10
396 824 -63
334 908 -84
298 902 11
652 702 -77
795 823 -33
971 999 50
515 995 39
626 702 -62
97 726 -26
60 311 -80
145 564 65
543 846 -37
23 338 12
215 993 -44
562 636 -72
338 535 38
260 517 -41
275 828 -30
419 996 9
891 899 31
796 922 66
363 763 72
345 398 -61
152 231 20
14 668 -12
243 288 41
251 591 -21
150 605 -11
30 753 -87
460 792 -41
156 555 27
500 706 -27
92 513 -23
686 865 9
115 883 7
840 871 37
78 252 -9
151 537 -35
563 705 29
9 414 85
100 409 77
625 640 12
522 873 -6
95 97 -3
174 713 40
536 590 -79
166 544 80
710 926 -80
349 545 -41
348 417 82
239 444 -9
950 951 30
784 978 -83
671 764 -73
906 929 61
342 615 55
238 397 -37
97 472 69
79 710 -60
380 891 -77
26 261 -27
253 376 62
158 824 61
517 617 38
366 976 11
800 981 -4
59 565 -72
50 455 -46
126 663 76
378 791 -93
555 614 58
97 523 86
425 699 52
679 758 31
322 605 -79
6 378 56
504 785 -57
575 751 19
130 657 -20
226 959 70
9 823 24
309 580 28
8 265 29
638 737 89
347 422 24
296 449 -86
259 425 34
405 569 3
228 580 -16
536 745 63
104 793 21
711 782 -31
409 608 -1
140 255 -12
299 750 -31
35 704 -47
615 864 92
557 608 -1
701 723 -1
685 785 -88
643 644 52
417 782 27
312 715 53
346 801 3
197 664 -61
105 115 -84
189 586 -42
623 732 68
726 973 -15
389 795 -41
106 295 24
95 628 14
176 576 31
416 690 88
131 354 53
214 422 -44
394 812 97
891 959 40
165 538 18
144 334 93
177 261 -2
443 945 31
86 926 -76
273 507 -29
85 579 -37
678 821 57
194 677 41
10 787 60
663 963 -23
106 456 -55
532 541 -72
654 805 -2
93 584 -82
92 122 61
455 768 -4
241 365 50
379 674 9
18 481 -17
443 549 -71
96 126 44
218 579 83
197 671 6
363 652 18
46 909 -44
214 926 98
22 656 30
500 827 -82
218 406 59
118 414 -64
135 480 60
155 459 -18
367 715 78
280 329 69
351 352 90
178 525 -69
30 742 -9
147 875 -75
361 936 87
394 958 -19
24 498 55
178 577 90
928 981 80
351 505 39
50 380 55
276 731 55
666 744 2
53 274 -75
123 983 -79
322 560 -79
261 654 95
336 611 6
385 562 18
75 293 46
170 502 72
300 775 49
283 381 49
702 729 -31
328 341 -63
322 663 -43
215 236 9
289 408 88
261 614 30
681 913 -84
61 834 -87
772 914 -68
451 685 -8
358 905 -62
119 624 -71
13 383 15
246 626 30
315 926 -84
500 824 -52
273 947 -18
280 309 -60
75 184 58
50 83 -59
95 275 75
458 520 60
397 772 -35
573 588 -86
212 406 -67
37 480 86
555 797 72
284 879 -87
558 815 -95
272 709 -77
105 713 -16
404 652 47
161 167 -35
646 922 67
70 640 -55
895 923 24
373 710 -11
81 190 -75
254 392 13
113 795 -72
208 279 2
270 481 23
261 631 -49
475 525 65
330 847 -66
871 942 62
28 685 32
140 205 37
764 993 93
169 262 -45
799 995 -56
775 821 -60
104 827 96
112 120 48
182 491 -38
477 738 51
445 821 48
594 613 -55
365 941 -89
50 139 31
228 780 -66
15 891 53
193 548 15
21 467 -90
912 939 73
533 582 -90
780 946 84
181 716 76
243 848 5
311 609 -22
538 855 -93
5 284 18
45 574 94
485 626 -81
264 867 5
34 934 -2
628 660 70
693 971 -43
231 889 -51
524 822 53
348 866 -54
185 837 12
55 770 43
155 798 20
343 458 69
387 465 -3
7 354 -54
760 829 73
460 881 36
69 301 -42
38 423 -61
836 934 -10
80 276 -71
27 544 -30
386 538 25
297 451 10
147 331 -50
546 800 72
583 687 49
620 860 13
291 837 -61
244 864 -82
560 781 65
11 776 -36
275 640 43
185 668 -46
706 796 88
654 656 24
491 538 31
567 781 57
478 823 42
598 879 32
328 518 44
347 943 -72
413 739 29
527 543 -16
93 974 87
796 930 61
161 646 16
914 973 -83
256 856 22
20 804 -38
382 809 -96
13 908 77
339 965 72
247 386 -78
31 496 -35
409 519 73
126 748 -57
548 552 33
281 982 14
144 346 90
108 516 17
48 901 11
543 548 -85
311 418 66
411 776 39
675 973 24
306 791 94
386 934 86
504 901 -98
211 552 35
110 722 -48
315 384 69
110 442 6
434 484 70
274 566 42
303 429 -52
51 285 6
143 613 84
216 733 -48
318 399 44
203 779 -55
378 686 55
750 943 -70
530 823 98
225 858 52
338 1000 -58
422 807 -64
477 909 -59
112 967 -70
178 697 -59
330 927 -87
386 504 -21
243 975 65
124 664 -7
325 931 -4
233 917 12
235 536 -44
656 713 21
509 986 -47
246 421 -16
747 782 85
258 946 46
103 270 45
19 310 49
746 845 87
161 753 48
21 348 -78
147 768 -58
244 281 23
541 770 76
374 873 -63
565 683 99
88 662 36
248 337 -3
434 684 -86
580 697 16
292 593 -48
177 714 93
550 657 -80
573 732 63
252 819 -99
503 588 -38
277 936 -24
94 973 78
179 686 -47
356 794 -36
450 869 -40
304 600 -59
555 959 88
227 813 15
503 893 -18
749 986 -41
242 927 68
35 757 90
625 731 -9
387 522 -42
183 832 -34
409 902 -95
146 414 -40
514 882 -52
475 574 -25
316 330 -96
258 399 -78
173 779 -76
355 863 -58
54 117 28
169 820 -44
402 897 -24
551 822 36
218 785 5
43 636 -3
181 808 34
93 395 -27
499 708 24
221 876 -1
117 479 -52
29 242 41
26 899 13
317 534 -44
431 849 5
185 876 57
582 892 -42
154 396 -94
874 900 12
141 354 51
65 604 -89
234 733 80
664 738 -80
274 338 -63
272 658 -34
54 381 -46
280 959 32
384 664 -41
800 931 54
164 935 -68
24 49 -17
387 981 12
447 639 33
481 828 -21
206 791 -82
224 589 72
154 180 -23
466 792 46
564 841 -85
545 951 -87
21 397 77
251 853 86
457 969 -1
226 544 -84
405 760 -16
563 903 -11
127 497 -72
260 799 8
486 633 -22
88 861 83
337 829 40
77 563 -19
488 836 40
51 252 -32
101 857 -50
469 811 -45
296 569 -88
429 825 78
161 219 -32
105 295 93
592 934 18
186 403 21
72 260 83
630 882 -79
550 820 63
644 894 -38
112 624 30
624 728 -38
558 809 -64
186 564 -79
610 915 -1
81 544 -23
252 339 74
65 232 -51
40 634 -3
42 258 -89
202 806 -8
288 991 38
202 840 46
272 870 41
560 668 -70
85 174 36
807 992 42
32 385 77
138 837 -2
425 641 -82
481 629 75
850 969 -74
397 989 -50
82 790 39
173 670 -2
105 807 39
374 746 61
354 637 -28
605 956 -62
352 865 16
565 955 49
89 354 -52
110 255 -86
360 778 -51
503 765 81
10 401 -9
317 372 -1
588 670 41
234 591 28
31 781 -65
36 704 -60
834 964 50
728 884 43
245 953 87
677 841 81
511 523 5
113 734 -82
500 867 34
556 747 -47
62 850 -27
85 323 -71
160 628 41
823 1000 18
76 345 -5
640 810 3
290 492 -28
37 928 90
129 270 -90
562 593 40
73 135 -74
793 957 33
869 891 61
117 883 56
337 407 -23
614 616 43
186 883 -55
748 848 97
272 982 -43
417 530 -43
405 772 17
426 874 78
114 854 -25
669 819 71
207 779 79
278 626 76
73 901 -97
602 841 -4
245 674 30
99 109 48
174 315 -91
195 763 -85
418 541 -57
47 534 -25
23 606 -67
624 863 -83
14 298 28
29 474 11
555 603 -72
718 810 52
227 910 -75
253 443 -71
275 539 -58
162 242 -47
228 607 -58
256 870 19
472 844 -9
654 762 98
23 926 52
531 724 -65
614 824 -45
418 593 85
144 172 -7
365 380 88
223 850 28
879 964 55
260 804 2
335 668 42
488 844 -73
11 432 -87
148 506 28
527 969 -57
138 819 24
16 732 -18
343 922 -56
699 941 75
186 401 -47
88 412 -18
235 599 -38
548 920 60
685 837 70
341 568 69
614 726 -37
265 424 -89
666 790 -28
499 877 -44
98 483 -22
382 435 5
272 328 -64
20 987 52
390 712 87
229 655 47
18 729 47
227 444 7
279 282 91
149 717 25
828 842 77
630 828 80
20 372 78
178 600 48
148 906 -14
923 943 -7
204 852 80
958 1000 58
789 799 -26
507 770 -17
878 896 -69
270 425 -45
661 769 62
270 583 83
121 164 -57
121 668 99
326 456 49
184 767 -69
14 940 36
335 561 67
582 995 -92
676 852 13
123 192 43
95 791 34
184 772 -22
302 893 -66
184 256 4
224 590 24
169 806 -11
225 845 79
700 776 98
222 986 34
169 910 -99
154 667 -36
241 922 -31
817 857 45
309 377 -29
885 961 59
11 736 72
160 996 2
421 602 33
123 620 -9
341 363 -2
200 549 51
508 781 -97
458 742 -27
401 468 -37
440 912 77
394 964 -4
86 166 5
506 660 -30
212 482 -83
533 615 14
143 342 -35
26 895 74
305 817 88
268 393 -74
480 558 -55
139 186 72
20 856 20
587 741 40
729 876 -94
253 569 31
620 873 78
364 853 -95
52 684 -87
212 589 23
296 420 40
235 933 -92
161 187 -89
421 756 81
393 761 71
667 965 -28
70 716 -22
698 927 17
346 859 56
450 791 -93
183 988 -15
197 956 22
309 546 2
131 564 73
96 198 -43
145 613 73
31 471 20
667 832 -15
201 631 13
180 988 54
310 533 60
34 440 80
76 481 65
689 991 -18
21 240 75
744 906 74
288 726 -65
627 820 -92
129 505 -5
39 539 -9
466 727 47
167 717 68
196 758 -92
19 939 -71
306 437 20
257 313 -41
400 818 56
566 790 -29
644 778 -12
296 481 -1
94 676 -66
113 890 82
327 903 -53
568 847 -70
246 680 -43
597 873 -41
2 106 -52
586 754 0
119 199 -78
9 561 -32
464 838 -20
643 684 18
322 914 -19
13 138 10
118 463 -87
216 841 67
246 959 -76
159 861 4
50 977 -55
474 972 -17
738 739 62
425 750 66
507 887 21
347 589 -67
187 296 -75
332 508 -17
309 673 40
359 498 23
96 839 -62
263 830 63
336 986 2
822 926 37
469 665 55
773 997 -83
525 797 35
211 235 80
49 344 25
525 590 12
767 927 92
582 941 -63
247 419 -36
544 620 50
496 538 37
218 748 -58
913 937 -59
272 526 95
390 540 54
122 618 38
389 827 13
564 798 22
101 960 22
434 530 47
159 722 -30
782 878 1
56 418 0
26 591 57
417 571 -48
486 671 59
234 983 36
19 485 56
239 995 -89
91 469 47
448 499 75
385 391 -88
307 337 24
359 584 -28
170 865 7
701 917 31
155 321 -71
412 419 59
218 987 84
73 723 -66
491 761 -19
427 548 63
413 423 -86
118 339 59
631 791 67
401 680 -62
18 247 -77
344 671 -68
187 941 -52
488 768 11
191 750 -16
220 876 73
194 507 -10
25 873 76
271 455 -81
103 150 74
43 679 51
447 915 -33
665 850 16
77 243 -92
436 455 93
422 479 0
228 883 92
337 819 -64
69 849 -11
745 983 -34
504 946 -81
126 746 -8
580 854 39
92 276 -9
254 974 31
72 297 -91
4 717 -66
100 554 97
57 931 71
57 432 85
286 877 -45
555 968 14
161 647 54
295 347 -3
423 702 -60
110 328 97
41 321 -88
574 753 35
450 833 -49
364 740 61
17 362 30
715 987 65
727 761 67
188 766 22
438 711 27
284 464 -78
296 880 -52
596 915 -33
283 417 -12
278 755 -63
331 356 53
448 776 22
486 503 -26
358 966 -56
237 409 99
285 675 -40
53 753 -56
382 772 72
455 978 32
107 753 90
270 609 9
618 627 -90
242 379 -98
526 539 -13
291 722 88
114 846 60
91 745 4
748 852 32
17 495 -37
112 980 60
221 959 94
33 117 14
230 275 28
20 434 -14
181 300 -33
123 146 -42
102 103 50
414 697 71
656 799 52
446 893 67
34 879 -85
333 872 58
501 994 38
889 956 -20
244 585 29
43 734 -78
196 1000 -56
642 676 7
61 994 82
593 865 74
13 94 -56
130 901 -68
373 750 -27
59 836 -27
254 936 -30
939 963 -70
753 932 67
343 345 56
355 366 89
310 847 -43
224 412 -89
282 469 -32
216 404 33
154 604 -87
156 708 35
644 850 93
361 735 -62
397 607 29
819 830 -5
190 287 96
405 482 58
85 146 45
281 653 95
741 925 -57
220 475 -43
178 973 -29
143 435 -20
170 977 -73
651 932 90
429 636 78
74 269 -34
814 992 -28
24 564 -62
348 893 99
272 679 -21
147 441 35
78 678 -78
57 313 -39
131 874 76
218 658 -35
681 799 -72
43 972 -21
196 596 27
115 342 78
657 792 25
66 865 88
90 217 -42
281 960 -34
156 283 46
474 703 -65
96 940 -63
741 753 38
279 957 64
495 559 -4
41 143 -74
454 561 -94
68 742 -17
567 935 -66
31 630 -88
479 722 3
668 757 26
131 578 -23
626 950 -38
286 862 -18
27 189 -2
123 569 -50
198 392 -38
870 942 -99
727 961 -81
209 257 8
206 799 -64
84 135 98
102 323 6
670 857 1
248 941 89
142 882 -47
29 868 32
593 637 13
230 391 -59
310 364 -87
411 694 -35
489 551 51
429 493 -18
66 634 -56
446 941 80
885 894 -74
123 886 0
196 389 75
63 434 89
41 552 85
104 534 -93
202 522 -19
494 652 48
323 545 -4
105 209 3
732 845 -12
103 794 -13
99 495 76
555 670 46
224 918 -93
569 794 -46
451 469 -30
907 986 83
69 848 -81
950 995 -6
235 446 23
257 722 78
172 991 -47
346 966 22
148 505 -13
843 949 -57
539 796 24
684 885 41
717 918 80
439 459 -4
905 983 39
602 714 84
250 571 -3
198 961 -74
499 800 -89
483 983 64
97 700 77
556 634 17
257 538 88
625 971 -88
44 874 -4
4 331 14
130 505 87
4 487 67
101 345 74
593 978 96
85 201 -58
247 709 62
642 719 -3
50 418 -49
274 789 -94
793 914 -97
258 325 -51
148 917 -53
584 812 39
54 410 -76
580 773 46
248 349 -3
389 550 -34
384 463 76
28 708 58
112 527 92
84 276 -52
137 681 -87
260 486 33
138 734 81
668 687 53
52 430 -20
809 879 -34
179 343 43
262 548 53
228 741 -10
581 732 32
399 438 68
341 867 -60
220 647 60
804 825 30
184 703 86
197 925 -71
621 993 -13
246 704 -43
664 683 -55
5 816 26
287 814 36
442 667 26
614 850 28
162 600 79
572 793 30
326 390 29
985 990 23
602 801 16
705 888 -55
382 723 75
304 347 -49
29 255 -65
148 174 -1
474 831 -86
662 815 -7
264 376 -32
80 888 83
359 621 24
507 897 94
45 196 93
26 580 -83
491 594 -58
91 866 -10
330 894 -97
605 822 -21
300 801 86
49 982 -84
78 177 -13
10 349 -46
839 905 10
348 873 -99
97 767 -30
271 304 40
227 456 -26
208 211 -48
615 640 -42
389 963 54
117 645 56
209 990 72
55 657 -29
170 359 47
574 748 17
136 619 43
38 233 -27
426 435 99
551 557 13
765 786 -98
828 840 99
349 899 -63
33 473 55
151 651 -86
188 567 -81
1 481 -33
389 799 -42
441 936 25
621 977 -76
40 875 -68
73 524 -58
97 674 -9
443 663 -24
211 275 17
9 360 -67
93 152 71
421 748 44
140 213 93
89 652 37
299 749 -74
151 741 77
47 361 78
198 406 -65
89 291 -84
181 188 -57
352 393 -89
3 528 -46
273 826 -17
423 995 85
393 964 56
161 874 -57
314 794 -65
223 974 -79
69 926 -50
497 948 82
769 952 95
298 681 78
644 887 38
760 897 -10
42 528 24
102 104 33
284 525 7
42 781 -48
344 994 -43
122 376 -80
8 819 -26
67 189 -42
468 716 -23
857 923 -43
492 503 22
545 571 24
267 320 79
512 794 -12
331 891 -71
79 814 56
332 633 61
158 540 5
660 680 6
603 883 -92
203 625 61
136 226 47
468 771 66
585 775 -42
5 107 27
162 886 -80
388 565 -28
622 821 86
601 797 -70
319 826 49
89 316 -42
443 586 -45
125 942 -97
10 631 -26
18 355 -92
480 528 14
80 337 -55
6 655 1
445 673 -71
30 769 -14
265 894 -24
51 895 28
274 758 -53
68 753 7
757 864 -39
221 342 -57
138 682 -59
450 726 -88
913 990 49
130 315 46
401 403 -55
316 820 89
130 531 -38
548 823 46
229 706 -77
784 966 -24
674 878 8
156 507 15
323 907 -64
638 754 5
235 696 -69
244 617 67
197 674 -5
162 931 -81
590 956 -82
96 550 -20
85 872 84
190 790 -28
299 486 -84
905 915 55
101 462 -44
744 978 -52
567 587 61
136 182 67
152 618 -20
249 294 -34
472 547 -10
376 818 0
279 797 41
95 774 72
33 234 -4
425 767 79
100 576 -93
181 700 -50
652 913 -10
731 811 -5
648 959 82
94 455 74
40 832 97
229 256 -40
328 786 3
754 966 -77
388 667 -46
551 905 -8
491 904 -92
297 367 73
198 824 -92
52 385 87
171 391 10
88 144 56
155 475 -9
19 59 85
478 861 9
196 784 92
338 607 49
537 722 88
851 927 -83
540 938 -83
494 694 -40
378 864 65
207 376 -80
511 726 -47
49 63 77
219 586 31
69 815 -85
706 870 -74
715 967 2
345 921 0
534 648 4
611 804 -77
807 853 59
25 243 52
57 939 3
160 630 12
367 596 2
287 455 94
340 499 42
420 655 -73
134 227 -47
300 376 -47
203 590 -45
58 184 73
128 777 -22
583 969 48
791 820 23
197 563 -31
682 979 94
143 278 93
697 739 -19
149 294 -11
773 786 -38
687 755 80
204 830 98
400 730 83
708 978 -90
472 684 -7
228 774 0
764 873 -49
889 901 -51
684 927 31
330 887 98
411 734 18
64 209 -6
66 892 54
293 807 -90
570 841 -61
729 865 -28
548 761 62
442 613 -70
142 347 21
350 480 95
546 703 10
509 901 -6
93 220 -52
81 84 -27
193 942 -19
190 554 86
160 331 -60
309 640 -25
11 588 -25
432 488 0
553 651 52
932 986 19
539 873 -63
2 81 -29
43 514 -46
351 772 -40
711 766 -30
532 550 82
84 235 -89
519 761 -50
300 466 20
551 820 -45
593 993 -88
116 229 -54
346 885 -76
768 859 98
445 788 -23
548 926 -57
578 744 -81
128 480 98
472 787 -17
15 372 64
493 609 6
405 703 30
544 555 -61
519 832 -41
449 923 40
402 439 -51
69 225 -11
576 793 -2
69 261 -79
411 665 69
84 317 49
643 954 26
267 566 -81
385 706 91
3 453 -24
527 930 0
181 787 -72
94 943 -61
177 363 -57
6 184 -35
269 451 40
653 784 40
365 786 53
243 755 -16
287 889 -82
896 983 -38
611 948 44
132 933 41
201 482 92
285 618 -10
650 716 21
239 822 24
159 479 -87
407 878 -75
304 577 -41
