1000 1000
729 840 1
237 758 85
11 479 -37
534 727 86
19 87 54
368 838 -77
148 224 -42
86 445 50
552 814 67
662 753 78
68 115 41
680 795 -3
698 710 -30
308 547 -29
472 807 -4
507 909 90
59 658 22
410 853 10
504 921 -74
183 730 -98
229 439 0
730 888 -59
202 964 0
471 591 -83
248 658 -51
514 863 -83
17 759 -48
488 499 -34
80 136 -15
75 217 64
390 718 79
308 415 43
424 747 15
260 800 67
268 910 -78
119 313 26
642 800 -15
233 716 85
665 950 -68
113 431 -15
432 859 -39
231 560 97
179 276 -39
267 589 93
362 908 55
542 594 -32
453 558 -2
19 917 94
450 686 97
597 695 22
114 323 -23
270 380 1
631 758 66
651 751 17
203 972 99
446 990 -98
484 548 69
344 594 6
458 631 -77
532 900 27
146 641 -4
574 896 -1
454 545 -21
872 899 24
147 419 13
20 842 -31
2 809 -39
19 692 33
165 590 73
176 515 9
783 981 -97
622 654 64
120 778 87
149 419 -11
579 803 -54
241 822 53
830 928 -48
455 611 -55
53 393 -64
26 629 69
609 758 -58
379 422 60
225 867 31
107 885 -34
164 483 32
388 445 3
69 792 -83
49 705 -61
420 666 16
177 842 52
395 636 14
873 901 89
735 774 5
161 761 16
252 829 67
82 956 -87
804 853 16
721 980 62
277 357 -26
368 529 15
141 973 -42
734 811 55
62 76 -42
509 882 -89
6 685 6
78 221 41
320 850 65
40 982 40
306 435 -84
245 492 56
151 567 -74
16 33 -87
373 546 32
474 766 -35
145 601 92
934 985 15
772 900 81
638 743 73
700 789 -87
715 875 -88
621 772 87
123 446 -3
724 848 -73
185 489 99
740 934 -70
571 996 -43
583 695 -82
458 772 -46
392 735 17
209 974 79
821 905 -92
244 746 -59
177 283 18
630 814 -9
45 397 36
284 816 -85
256 370 47
581 879 -13
506 784 -57
69 749 64
36 703 -76
538 849 -60
582 797 -53
292 432 -7
407 899 -30
286 944 -30
340 801 -48
313 409 -77
348 906 -46
507 796 -96
651 656 -77
137 942 39
322 543 69
252 617 -47
196 592 68
199 509 13
313 456 -7
171 605 79
255 457 64
593 856 -38
529 760 -14
11 562 64
285 758 52
119 483 -76
285 783 -40
520 889 -30
328 747 93
132 954 58
73 891 -77
594 986 -54
159 878 -11
629 889 -50
173 191 -15
63 198 58
652 944 -61
135 772 -29
59 844 -76
483 652 -23
635 642 88
875 891 -80
434 748 62
421 945 84
424 898 35
669 865 33
563 923 44
45 320 53
306 695 -7
340 585 30
87 94 -12
750 866 69
757 999 46
133 621 -34
279 695 -19
273 598 76
84 319 35
366 775 -72
138 811 -42
864 887 -65
164 620 7
296 843 37
473 657 -80
281 857 25
113 292 54
127 830 -77
264 872 16
634 735 90
698 797 -96
134 540 -33
142 514 34
112 722 -24
576 931 -29
58 59 -44
713 930 26
346 617 -68
17 314 38
150 372 -17
4 238 -16
115 141 23
72 105 -93
164 491 -52
31 555 -8
647 829 -46
685 846 -17
87 408 -37
54 90 7
546 631 -44
87 690 96
532 602 -94
155 984 -38
85 983 94
164 769 26
164 250 -72
480 569 93
462 490 30
132 196 48
350 487 97
571 744 -63
742 907 65
390 905 -45
91 221 37
20 580 81
83 551 71
320 630 -48
246 806 13
229 989 -17
636 970 1
25 247 49
337 340 78
212 711 -77
646 901 -94
221 443 4
689 971 -57
551 875 -75
510 677 -97
276 500 83
114 839 -83
326 961 -61
456 861 -49
554 898 62
620 876 -18
594 846 98
622 748 -93
77 247 -64
148 542 -37
460 499 41
306 491 -56
396 619 92
590 811 -97
348 756 -93
87 95 29
515 894 -29
393 467 74
317 816 22
658 979 76
21 949 24
183 374 76
170 721 -17
609 699 -59
342 592 30
158 160 -86
62 325 -49
392 978 -35
712 998 81
85 258 -68
428 839 74
535 537 -61
228 393 -15
3 902 14
64 665 -59
947 994 46
81 658 22
338 344 -49
182 925 3
366 811 49
110 366 -23
720 991 -87
500 655 40
440 446 42
520 866 -96
561 799 25
75 829 -62
65 546 -73
49 782 -16
39 957 -34
456 575 -44
366 387 -55
553 604 93
419 703 -56
599 772 -12
638 836 -50
38 520 -68
103 476 -72
29 869 -82
539 608 -30
76 443 -26
335 846 -72
106 637 -40
91 274 -60
610 729 -90
183 564 18
254 784 -9
144 292 1
680 720 -81
14 706 60
342 653 -15
377 744 -28
457 720 41
212 635 54
216 465 60
114 859 44
626 793 94
207 683 28
745 860 -41
323 473 -10
152 394 19
716 826 48
309 393 87
332 422 80
27 310 23
352 586 -19
61 448 50
735 761 48
120 265 58
298 360 58
298 668 40
474 630 -6
730 852 -33
353 434 -32
766 983 0
1 96 31
472 542 -38
849 901 -58
499 751 61
576 720 69
403 802 -15
449 756 -66
267 783 71
619 703 -88
245 279 -58
128 669 64
420 778 -4
850 874 -21
628 638 -36
438 703 54
322 627 49
38 329 -81
317 593 69
261 486 72
616 877 -26
102 800 -66
703 789 63
718 757 97
247 696 -21
103 284 48
47 370 46
519 856 -38
395 717 86
105 517 -28
744 807 -82
461 680 -44
66 926 -32
520 833 -60
203 907 25
426 916 31
633 870 -71
300 974 4
43 687 -45
807 895 -3
716 728 92
118 622 -90
385 922 -22
294 791 16
674 945 -46
292 712 92
34 908 71
154 627 -65
342 410 13
204 879 13
477 988 -31
149 281 -33
174 332 -14
460 624 -13
367 738 99
716 718 4
127 618 72
174 438 20
252 426 20
706 752 -82
38 549 -9
8 475 72
564 572 97
289 702 36
61 671 72
498 745 -45
818 996 80
263 875 23
163 185 -75
648 660 -47
220 845 53
542 546 -26
602 751 11
495 609 -73
354 426 -41
317 616 -63
192 502 -52
839 900 86
293 745 21
248 834 9
974 999 -86
260 582 38
332 614 -11
649 927 62
118 715 -65
452 615 -69
691 744 3
291 914 -16
239 955 36
566 876 -30
559 894 -63
173 526 11
241 777 -1
229 724 16
620 766 4
321 885 -47
627 885 -46
112 177 74
423 538 -80
64 992 87
769 890 -61
130 613 71
277 749 85
833 949 7
69 106 19
194 283 -1
732 782 -2
773 942 -53
15 831 -40
144 913 24
541 662 -28
494 689 -15
535 794 93
81 295 35
190 428 -61
132 815 44
181 686 60
950 985 18
500 646 -81
188 450 -4
336 851 12
145 948 -78
138 240 -76
273 406 33
310 394 -60
532 730 -51
31 486 17
935 974 53
366 824 -37
666 968 -44
560 721 -74
345 708 -50
102 163 -64
46 69 57
127 554 48
100 603 60
320 498 -43
466 840 -90
265 912 40
243 973 9
175 406 -7
517 595 30
579 643 -38
533 799 -69
297 965 40
32 804 -89
296 830 69
73 232 96
5 406 31
214 521 98
189 793 -9
331 987 -80
295 422 99
453 589 63
485 771 -71
468 716 -23
7 824 -23
221 674 -11
173 862 -40
503 922 -34
695 935 -97
761 875 -97
245 669 -38
214 489 84
221 609 -7
219 282 56
549 743 -43
530 822 44
342 464 -13
102 612 -34
526 632 10
91 795 -31
755 791 -54
362 963 31
227 864 0
445 756 0
566 787 61
177 948 -37
300 473 79
63 447 -77
33 206 -88
120 347 69
698 722 94
167 447 -76
12 638 -43
482 585 0
133 332 -24
747 902 79
368 934 -17
539 840 -41
88 261 -93
70 534 82
626 707 89
459 490 52
173 377 -69
278 301 69
21 739 95
389 630 47
442 477 67
102 511 58
48 727 12
265 889 28
641 650 31
303 554 -32
380 644 -33
633 769 -61
181 426 -5
217 282 -57
70 616 -97
378 686 17
379 601 -46
132 154 54
511 888 -69
521 584 74
764 833 85
401 443 57
655 864 -71
32 789 77
525 742 -42
8 797 43
37 466 -48
49 375 5
207 792 -60
234 670 74
676 846 -49
928 987 20
263 804 -73
18 411 -79
180 835 -6
555 913 -97
56 311 -71
46 980 89
792 891 -65
71 886 55
500 930 -35
67 299 -60
247 768 -66
32 116 -12
336 426 26
169 381 64
830 960 51
68 160 -6
441 994 -76
60 890 74
657 941 57
408 723 25
58 204 -42
59 724 -13
240 617 -15
22 776 73
367 702 -57
232 591 -83
524 894 37
115 968 -16
411 671 66
469 580 28
196 549 66
570 592 43
293 901 13
150 485 33
395 472 90
407 938 37
817 905 -53
134 836 96
63 329 59
654 655 85
251 907 -32
367 400 50
190 393 -6
245 800 38
144 149 56
277 653 -19
67 131 6
744 785 -68
254 994 33
536 972 -38
46 928 -90
290 781 98
355 924 76
196 359 -8
678 715 47
568 810 -56
642 821 47
87 529 55
484 647 -86
285 427 -13
390 991 -1
410 938 -72
476 620 -32
341 539 87
982 987 2
73 159 68
157 907 -31
191 297 -84
39 539 80
5 948 93
426 976 -59
499 766 -73
486 728 59
238 981 69
201 887 28
498 613 61
151 843 -62
508 847 -25
286 637 -88
136 914 -1
641 813 -33
145 403 71
600 604 -60
565 774 -39
202 616 -16
61 94 88
29 731 48
250 942 41
414 775 -11
436 530 -41
387 402 -36
276 527 -17
829 886 -8
649 980 34
677 983 78
584 820 -50
715 946 -6
150 200 58
247 601 86
856 874 73
93 282 42
282 529 84
763 863 78
829 934 45
405 543 53
604 665 -79
418 911 -35
9 273 -37
642 780 -40
308 977 31
510 740 -66
113 690 -3
517 610 75
207 274 27
63 624 19
158 423 64
289 457 -85
433 569 17
430 437 48
804 901 -3
331 413 39
268 538 -73
245 682 -60
402 725 -19
533 858 -90
426 460 88
389 896 26
192 382 -15
156 712 -93
567 775 13
812 874 -63
784 950 58
641 949 97
286 409 72
674 951 51
332 367 73
167 874 95
86 461 -7
71 686 -12
124 854 19
72 618 11
255 536 -35
487 939 97
657 671 -12
189 561 29
337 373 -21
687 760 -96
569 810 -58
186 370 12
200 905 -71
490 921 60
125 591 79
37 262 4
927 950 -71
568 965 21
488 780 -5
70 501 -64
621 888 99
412 809 -59
339 888 -81
287 600 37
209 565 -57
128 931 53
11 710 39
433 456 -18
170 344 14
474 581 1
136 812 95
133 422 12
341 922 -17
853 871 87
233 427 -75
794 883 17
584 963 -28
57 982 13
117 810 82
647 942 -26
444 569 -6
594 666 -33
20 161 62
306 632 30
215 559 -13
580 893 -42
389 825 98
125 472 67
474 921 11
419 497 -83
10 399 -43
30 227 -34
785 800 -66
61 379 -37
288 886 -52
412 820 99
263 646 69
105 111 5
503 602 -86
73 828 80
699 872 -40
30 760 -72
225 317 4
156 397 63
385 418 8
15 489 51
138 616 -27
210 708 -5
398 758 -86
427 460 -64
36 569 74
76 938 -24
322 986 24
76 1000 -4
213 732 8
166 791 -57
916 945 16
282 756 -88
202 963 74
252 399 -21
736 846 -85
591 921 0
461 674 -57
816 979 64
760 781 -86
375 414 56
231 689 44
366 982 -63
212 950 51
504 540 -68
226 317 -28
41 393 39
126 526 -17
675 853 -57
854 905 80
220 344 -2
406 645 65
234 261 -48
129 812 70
762 874 -55
373 888 40
399 651 83
504 816 -40
495 512 56
252 475 -91
708 792 -88
312 920 -74
73 430 94
154 288 -54
739 938 -7
100 554 -15
724 947 72
198 616 9
151 407 27
202 462 22
717 983 -97
4 952 -92
42 952 33
403 601 -63
324 936 46
608 903 -30
610 758 -86
164 809 56
6 877 -85
309 730 -72
33 906 97
661 858 83
682 949 -6
290 889 -11
130 658 58
487 496 -65
226 939 44
442 844 44
455 829 -34
862 993 -4
116 881 53
575 965 42
56 253 7
273 748 -35
563 833 -34
626 979 59
46 159 -33
38 791 74
128 258 -98
54 741 -95
55 993 -1
680 690 16
703 874 -99
34 459 30
116 856 -15
258 791 61
270 513 89
253 285 35
490 692 -37
531 754 15
316 809 5
126 888 84
4 301 -25
443 740 27
217 252 38
227 854 0
68 438 18
544 934 4
310 601 -92
198 577 -59
229 637 -64
645 728 -34
213 473 86
51 287 13
77 932 18
123 218 22
515 785 95
307 443 37
296 754 -93
398 428 -53
253 540 -27
178 694 72
191 625 72
547 666 63
61 611 86
270 724 -78
572 829 -86
292 1000 40
831 920 -5
30 613 61
221 487 82
33 498 90
461 877 52
531 952 93
102 880 -57
172 250 3
170 610 13
328 991 -70
506 814 99
355 542 -94
647 770 -43
177 189 -52
421 562 30
435 812 -96
11 396 65
189 338 -48
46 100 99
695 994 -66
462 693 35
651 688 -47
230 601 13
16 310 -47
672 914 -48
102 449 -62
563 900 -45
464 609 -7
843 926 21
21 882 45
251 659 97
529 958 -51
215 977 56
129 455 -72
480 918 -40
263 322 -17
283 415 -35
73 985 -50
179 382 -35
439 707 -1
10 653 -13
86 464 20
565 962 23
224 994 91
180 408 -42
516 893 -76
423 664 -39
41 454 -14
50 480 38
460 566 46
421 822 19
167 511 -52
42 595 58
687 839 -53
393 702 -40
607 785 -12
87 852 51
650 663 -32
204 823 29
67 282 67
229 378 -64
416 471 -27
215 420 22
27 588 -37
589 791 -15
248 590 86
668 804 4
301 372 -76
101 994 47
464 627 83
46 959 28
546 566 35
506 651 -39
251 378 10
45 315 -22
39 251 -25
173 596 -54
799 990 88
469 948 -67
387 803 79
671 806 90
48 901 60
567 735 -88
14 985 -43
186 750 90
431 739 -30
150 252 30
63 305 80
571 733 -16
823 977 23
12 711 -45
25 89 26
190 970 -48
752 780 -18
201 929 -91
263 873 93
210 795 79
186 703 58
704 715 -42
145 921 4
242 253 13
284 384 -47
340 485 -48
295 564 45
504 925 26
685 980 88
