0.1093930999282259 0.0854094460540038
0.0825705658931530 0.1017964349051073
0.0849898056460988 0.1136412236806991
0.1146111419397578 0.1155240227151648
0.0973559605021187 0.0954840381656128
0.0866120154390937 0.1130837658555077
0.1073481288254181 0.1102133075442067
0.0780108173042125 0.0681045408646637
0.1027797343629809 0.1164743406482017
0.0733980439123582 0.1078335519818581
0.1132545275275546 0.1040466393737862
0.1273278386781513 0.1083649659174067
0.1053414775950574 0.1311005487372230
0.0689812739395480 0.0634694580680241
0.1041452002382033 0.1018586796231642
0.0948270287955491 0.1060307205604863
0.1059038506400456 0.1467117090785873
0.0914548672729040 0.0844599982601224
0.1358311393907716 0.0945809591280059
0.1155567969607551 0.1368193826144829
0.1203163966369765 0.1135750423895006
0.1102543909687610 0.1030317814501724
0.1265482918820146 0.1270736763296610
0.1267585206604389 0.0882714178474550
0.0888589814794705 0.0955011628746772
0.1504940536435628 0.0895339413157570
0.1094070512241452 0.1062966967379652
0.1049581390834333 0.1153821204677920
0.0775744784190701 0.0726589845965995
0.1238253003792682 0.0491699906104266
0.1023391768547098 0.1185900517163219
0.1167867314631973 0.0963592654929638
0.1053001124607730 0.0617177605317808
0.0948365351786419 0.1058088375459108
0.1035013013204558 0.0803398280261342
0.1050848527911494 0.0985099941414038
0.1038135101833461 0.0938755214310810
0.0831769550420346 0.1105370642440937
0.0781132525364642 0.0885513261427143
0.1195160616762998 0.1147497243575033
0.1074778514506865 0.0807052244031179
0.0531390027410003 0.0937351594239546
0.1125485029929939 0.0898032210665036
0.0941273074116419 0.0827206615453624
0.0857749935172853 0.0955051801808589
0.1158322497510039 0.1136150492852893
0.0791143471803896 0.0868131315348732
0.1232714027202123 0.1208737031241750
0.0859485324523899 0.0994345127947991
0.1390286007693528 0.0398965351260247
0.1270879946481377 0.2644155003737956
0.4793324677764971 0.2587193163537613
0.4458821928797788 0.2771660067422564
0.3422915959155237 0.2102849071041953
0.3404637484756162 0.4414738051955298
0.3024191393909061 0.2386857924647094
0.3477952249126763 0.3128626547470094
0.2138213571973051 0.2378296517281284
0.3502836440205360 0.2046149839646595
0.2874649391679298 0.2678984084750633
0.3784428745374063 0.2968074785728730
0.2500227391580536 0.2600890500314802
0.3315017176349687 0.1637118716744888
0.2578402775417402 0.3009182097276648
0.3726478760495913 0.2537238890048716
0.3837839669063111 0.3395726473045089
0.2424982091640392 0.4092121943389043
0.2200024506921874 0.3469932279937275
0.1734134636545069 0.4020064293379623
0.3499104092273302 0.2932484438016454
0.1939599766695198 0.1707665595362183
0.1852049387279591 0.2703412322911043
0.2563650580792599 0.2371500223066322
0.3360519588309022 0.2608910232601199
0.3598965154681066 0.2793364626485477
0.1674785712070060 0.1808039587225618
0.2971436755154356 0.1785881112740101
0.4265086206485411 0.2570112112049665
0.2120441013328604 0.1553552065055849
0.3466204995096275 0.3008614865368979
0.3036067627791285 0.1783046577775391
0.3924399814189902 0.2560197774740262
0.2549626614638548 0.2819239003513696
0.1203235897539732 0.2227743137826511
0.1826606411028132 0.3217044483558330
0.3738949523156657 0.3637950876808469
0.3032983212464313 0.2047746383728201
0.2485457866734928 0.2281265161162789
0.2616236665315090 0.2815031142733576
0.3167140499426797 0.2337415239501866
0.2071983826425213 0.2859698299956868
0.3313304316551063 0.3602447552840026
0.3178873470609728 0.3929813036052200
0.2800373216386970 0.3923190227285356
0.2948335671824646 0.3720581708121360
0.2821931189219472 0.2058854424071217
0.1645468490341777 0.2405811819313681
0.4773242501564234 0.2568455828077422
0.3770989616628725 0.4162908031045162
0.4141007008962817 0.1309858708471561
0.7003017451433199 0.7287490220107232
0.6266255352470994 0.6145998677182528
0.7019051822947007 0.5124795489342403
0.5944764664101421 0.6619166659886164
0.7030329164914035 0.5585553300065550
0.6481087558379025 0.8017686485184234
0.6856123156334322 0.6671019783170389
0.5643556414487485 0.8972129009968770
0.6204638083890970 0.4995065419806039
0.6532753152288451 0.6833247457148309
0.6737248904523078 0.4407575134246889
0.7950779507705004 0.7035141539438474
0.4746345928761559 0.7232981542796941
0.5574732261595691 0.8357989225165923
0.4014454414881494 0.9852388193291626
0.6506772676018544 0.7224898701289548
0.8669393705509909 0.4508663778905317
0.7483692879885884 0.7691642297236924
0.8413855122739305 0.8542108203965888
0.6148849574228844 0.7665317715155546
0.7318294589052777 0.5648032707214102
0.5916505458903227 0.7221166207721841
0.7248756039872134 0.5786968660834495
0.7056977123336660 0.5193593407084314
0.6599836373076424 0.7284896854713157
0.6193956001890452 0.8335554020802906
0.4134493683302134 0.6035139879486471
0.7139459491081279 0.6914502268766258
0.9690611432230940 0.7505299756130679
0.6923638975286772 0.4491388212289357
0.6766768297278943 0.7222330262894585
0.7263143789986654 0.5289504585228786
0.8392202208833831 0.6203618639023891
0.3707160248141882 0.5275675841610348
0.8408501654826845 0.5723346620908862
0.9543873814037929 0.8981462265707956
0.8175474187676226 0.7208282634917310
0.3352360532055249 0.8081996365974959
0.8206899651023940 0.8033239002809486
0.6532530267644024 0.5317828548127248
0.6029429217025293 0.5922571827594980
0.6793171364155167 0.6299178295300052
0.5436590016093669 0.6165300043676371
0.6419400626838602 0.3625622328694625
0.6087306717731106 0.6830284049509172
0.8119629689166619 0.6680208091577174
0.4507390690950599 0.6311391633425942
0.6905141163011500 0.7322805838706918
0.8025826627064628 0.4721060310247126
0.5616657288787805 0.6772097741388851